贴吧名,帖子标题,ID,内容,发布时间
想离婚吧,没有冷静期离婚,离婚法务hz,结婚是为了幸福，离婚也是，请不要站在道德的制高点评价别人的人生,2023-06-23 10:17
想离婚吧,没有冷静期离婚,贴吧用户_JQ6C7AD,起诉不需要冷静期，而且办得很快，我就是起诉离掉的,2023-08-09 21:08
